5541996181069
5541988511744
5541998704771
5541998189917
5541991078404
5541988081666
5541992841286
5541998406139
5541999819376
5541996207248
5541992520565
5531984887759
5541991444131
5541995104131
5541999704500
5521979707363
5541997929146
5548998063170
5541991957520
5541996601706
5513981104069
5541995163723
5541991011204
5541996567315
5541991444131
5547997327621
5541992014180
5541998996016
5541998918478
5541997579460
5541998917825
5541988770321
5541988499158
5541996441060
5513982171645
5514997227280
5561932556000
5541991313869
5541996015689
5541988770321
5541991733895
5541998528101
5541999830385
5541995335644
5541996121542
5547991329658
5541995600285
5541996933038
5541998530790
5541987493390
5541995115572
5541997169086
5541995304172
5541998165516
5541997621247
5541992329865
5541999802735
5541997697428
5541984419374
5541996331869
5561982278023
5541988093988
5541996005043
5548999133894
5541991393106
5541984102144
5541991213366
5541999901578
5541985079275
5541984233216
5541999815549
5541997036047
5541992247950
5541984611554
5541995162410
5541984716288
5541997460313
5541996273833
5541997100561
5577999719960
5541987524947
5541999161586
5541996853556
5541995215811
5541996995235
5541984207831
5541998544828
5541991760909
5541998381030
5541995518835
5541996960944
5541991354211
5541997832777
5541997600852
5592991328062
5541998269618
5541998926563
5541997537421
5541999195474
5541997902279
5541995302297
5541995058600
5541991513445
5541998078344
5541995340200
5541997759897
5541992665021
5541996575723
5541995993032
5541985016981
5569984021044
5541992611692
5544997178988
5541998298435
5541997722741
5541999415236
5541991443825
5548984924144
5541996872210
5541995371459
5541996272794